{
    "name": "Lana's heart",
	"creator": "Violet Ania",
	"version": "1",
	"date": "2015/12/03",
	"description": "2 medium largish planets filled with hearts and snowflakes. Ideal for 3v3s, 4v4s, and 5v5s",	
    "planets": [
        {
            "name": "Alberts death",
            "mass": 10000,
            "position_x": 51700,
            "position_y": 4500,
            "velocity_x": -8.511449813842773,
            "velocity_y": 97.78704833984375,
            "required_thrust_to_move": 0,
            "starting_planet": true,
            "respawn": false,
            "start_destroyed": false,
            "min_spawn_delay": 0,
            "max_spawn_delay": 0,
            "planet": {
                "seed": 440657856,
                "radius": 555,
                "heightRange": 35,
                "waterHeight": 36,
                "waterDepth": 100,
                "temperature": 0,
                "metalDensity": 50,
                "metalClusters": 50,
                "metalSpotLimit": -1,
                "biomeScale": 50,
                "biome": "earth",
                "symmetryType": "terrain and CSG",
                "symmetricalMetal": true,
                "symmetricalStarts": true,
                "numArmies": 2,
                "landingZonesPerArmy": 0,
                "landingZoneSize": 0
            },
            "source": {
                "brushes": [
                    {
                        "spec": "/pa/terrain/ice/brushes/ice_cliff_09.json",
                        "weight": [
                            1,
                            1,
                            1,
                            1
                        ],
                        "proj": "BP_Bend",
                        "op": "BO_Add",
                        "transform": [
                            -0.22195133566856384,
                            -0.6711410880088806,
                            0.7073240876197815,
                            383.636962890625,
                            0.7506790161132812,
                            -0.5805675983428955,
                            -0.3153131604194641,
                            -171.01890563964844,
                            0.6222690343856812,
                            0.4609891176223755,
                            0.63266921043396,
                            343.14581298828125
                        ],
                        "scale": [
                            1,
                            1,
                            1
                        ],
                        "rotation": 2.084651231765747,
                        "position": [
                            383.63690185546875,
                            -171.01885986328125,
                            343.1458740234375
                        ],
                        "height": 542.3779296875,
                        "weightHard": false,
                        "weightScale": [
                            1,
                            1,
                            1
                        ],
                        "mirrored": false,
                        "twinId": 1,
                        "flooded": false,
                        "pathable": false,
                        "mergeable": false,
                        "no_features": false
                    },
                    {
                        "spec": "/pa/terrain/ice/brushes/ice_cliff_11.json",
                        "weight": [
                            1,
                            1,
                            1,
                            1
                        ],
                        "proj": "BP_Bend",
                        "op": "BO_Add",
                        "transform": [
                            0.1504073590040207,
                            -0.7450526356697083,
                            -0.6498263478279114,
                            -356.8006591796875,
                            0.9618328809738159,
                            0.262263685464859,
                            -0.07807238399982452,
                            -42.86726760864258,
                            0.2285938858985901,
                            -0.6132816672325134,
                            0.7560625076293945,
                            415.1318359375
                        ],
                        "scale": [
                            1,
                            1,
                            1
                        ],
                        "rotation": 1.3335798978805542,
                        "position": [
                            -356.8006286621094,
                            -42.86726379394531,
                            415.1318359375
                        ],
                        "height": 549.07080078125,
                        "weightHard": false,
                        "weightScale": [
                            1,
                            1,
                            1
                        ],
                        "mirrored": false,
                        "twinId": 5,
                        "flooded": false,
                        "pathable": false,
                        "mergeable": false,
                        "no_features": false
                    },
                    {
                        "spec": "/pa/terrain/ice/brushes/ice_cliff_11.json",
                        "weight": [
                            1,
                            1,
                            1,
                            1
                        ],
                        "proj": "BP_Bend",
                        "op": "BO_Add",
                        "transform": [
                            -0.8171107172966003,
                            -0.19080033898353577,
                            0.5439901947975159,
                            296.9031677246094,
                            0.15938612818717957,
                            -0.9816283583641052,
                            -0.10488956421613693,
                            -57.247432708740234,
                            0.554009199142456,
                            0.0009981244802474976,
                            0.8325098156929016,
                            454.3736267089844
                        ],
                        "scale": [
                            1,
                            1,
                            1
                        ],
                        "rotation": 2.9493134021759033,
                        "position": [
                            296.9031982421875,
                            -57.2474365234375,
                            454.3736572265625
                        ],
                        "height": 545.7876586914062,
                        "weightHard": false,
                        "weightScale": [
                            1,
                            1,
                            1
                        ],
                        "mirrored": false,
                        "twinId": 8,
                        "flooded": false,
                        "pathable": false,
                        "mergeable": false,
                        "no_features": false
                    },
                    {
                        "spec": "/pa/terrain/ice/brushes/ice_cliff_09.json",
                        "weight": [
                            1,
                            1,
                            1,
                            1
                        ],
                        "proj": "BP_Bend",
                        "op": "BO_Add",
                        "transform": [
                            -0.8477811217308044,
                            0.1706886887550354,
                            0.5955100059509277,
                            307.6705017089844,
                            -0.4465724229812622,
                            -0.867941677570343,
                            -0.3869755268096924,
                            -199.9310760498047,
                            0.42934828996658325,
                            -0.5657228827476501,
                            0.77338045835495,
                            399.5673522949219
                        ],
                        "scale": [
                            1.0499999523162842,
                            1.0499999523162842,
                            1.0499999523162842
                        ],
                        "rotation": 3.4869422912597656,
                        "position": [
                            307.6705322265625,
                            -199.93109130859375,
                            399.56732177734375
                        ],
                        "height": 542.4828491210938,
                        "weightHard": false,
                        "weightScale": [
                            1,
                            1,
                            1
                        ],
                        "mirrored": false,
                        "twinId": 9,
                        "flooded": false,
                        "pathable": false,
                        "mergeable": false,
                        "no_features": false
                    },
                    {
                        "spec": "/pa/terrain/ice/brushes/ice_cliff_11.json",
                        "weight": [
                            1,
                            1,
                            1,
                            1
                        ],
                        "proj": "BP_Bend",
                        "op": "BO_Add",
                        "transform": [
                            -0.4131643772125244,
                            0.6347289681434631,
                            0.6530040502548218,
                            354.1788635253906,
                            -0.9092665314674377,
                            -0.24793308973312378,
                            -0.3343106508255005,
                            -181.32469177246094,
                            -0.050295352935791016,
                            -0.7318799495697021,
                            0.6795749664306641,
                            368.5904846191406
                        ],
                        "scale": [
                            1,
                            1,
                            1
                        ],
                        "rotation": 4.307833671569824,
                        "position": [
                            354.1788330078125,
                            -181.32467651367188,
                            368.59051513671875
                        ],
                        "height": 542.3838500976562,
                        "weightHard": false,
                        "weightScale": [
                            1,
                            1,
                            1
                        ],
                        "mirrored": false,
                        "twinId": 12,
                        "flooded": false,
                        "pathable": false,
                        "mergeable": false,
                        "no_features": false
                    },
                    {
                        "spec": "/pa/terrain/ice/brushes/ice_cliff_06.json",
                        "weight": [
                            1,
                            1,
                            1,
                            1
                        ],
                        "proj": "BP_Bend",
                        "op": "BO_Add",
                        "transform": [
                            -0.38098424673080444,
                            0.8085346817970276,
                            0.4484669864177704,
                            244.0130615234375,
                            -0.3250119686126709,
                            -0.5712079405784607,
                            0.7537166476249695,
                            410.10089111328125,
                            0.8655740022659302,
                            0.14139705896377563,
                            0.48040473461151123,
                            261.39056396484375
                        ],
                        "scale": [
                            1,
                            1,
                            1
                        ],
                        "rotation": 4.0137224197387695,
                        "position": [
                            244.01303100585938,
                            410.1008605957031,
                            261.39056396484375
                        ],
                        "height": 544.1048583984375,
                        "weightHard": false,
                        "weightScale": [
                            1,
                            1,
                            1
                        ],
                        "mirrored": false,
                        "twinId": 15,
                        "flooded": false,
                        "pathable": false,
                        "mergeable": false,
                        "no_features": false
                    },
                    {
                        "spec": "/pa/terrain/ice/brushes/ice_cliff_06.json",
                        "weight": [
                            1,
                            1,
                            1,
                            1
                        ],
                        "proj": "BP_Bend",
                        "op": "BO_Add",
                        "transform": [
                            0.1996324360370636,
                            -0.9307681322097778,
                            0.3062964975833893,
                            169.4269256591797,
                            0.25555211305618286,
                            -0.2523151934146881,
                            -0.9332900643348694,
                            -516.2463989257812,
                            0.9459599256515503,
                            0.26458966732025146,
                            0.18748944997787476,
                            103.70919036865234
                        ],
                        "scale": [
                            1,
                            1,
                            1
                        ],
                        "rotation": 1.615175724029541,
                        "position": [
                            169.4269256591797,
                            -516.246337890625,
                            103.70927429199219
                        ],
                        "height": 553.1467895507812,
                        "weightHard": false,
                        "weightScale": [
                            1,
                            1,
                            1
                        ],
                        "mirrored": false,
                        "twinId": 16,
                        "flooded": false,
                        "pathable": false,
                        "mergeable": false,
                        "no_features": false
                    },
                    {
                        "spec": "/pa/terrain/ice/brushes/ice_cliff_07.json",
                        "weight": [
                            1,
                            1,
                            1,
                            1
                        ],
                        "proj": "BP_Bend",
                        "op": "BO_Add",
                        "transform": [
                            0.19865354895591736,
                            0.7064704895019531,
                            0.6792909502983093,
                            378.5849304199219,
                            -0.11719205975532532,
                            0.7052545547485352,
                            -0.6992009878158569,
                            -389.6812744140625,
                            -0.9730378985404968,
                            0.05929127335548401,
                            0.2228940725326538,
                            124.2241439819336
                        ],
                        "scale": [
                            1,
                            1,
                            1
                        ],
                        "rotation": 5.544203758239746,
                        "position": [
                            378.5849609375,
                            -389.6812744140625,
                            124.22415161132812
                        ],
                        "height": 557.3236694335938,
                        "weightHard": false,
                        "weightScale": [
                            1,
                            1,
                            1
                        ],
                        "mirrored": false,
                        "twinId": 18,
                        "flooded": false,
                        "pathable": false,
                        "mergeable": false,
                        "no_features": false
                    },
                    {
                        "spec": "/pa/terrain/ice/brushes/ice_cliff_08.json",
                        "weight": [
                            1,
                            1,
                            1,
                            1
                        ],
                        "proj": "BP_Bend",
                        "op": "BO_Add",
                        "transform": [
                            0.6122093200683594,
                            0.20696666836738586,
                            0.7631281018257141,
                            415.3421630859375,
                            -0.5206136107444763,
                            0.8319164514541626,
                            0.19203270971775055,
                            104.51624298095703,
                            -0.5951144099235535,
                            -0.5148590803146362,
                            0.617056667804718,
                            335.8409118652344
                        ],
                        "scale": [
                            1,
                            1,
                            1
                        ],
                        "rotation": 5.81648588180542,
                        "position": [
                            415.3421630859375,
                            104.5162353515625,
                            335.8409423828125
                        ],
                        "height": 544.2626953125,
                        "weightHard": false,
                        "weightScale": [
                            1,
                            1,
                            1
                        ],
                        "mirrored": false,
                        "twinId": 19,
                        "flooded": false,
                        "pathable": false,
                        "mergeable": false,
                        "no_features": false
                    },
                    {
                        "spec": "/pa/terrain/ice/brushes/ice_cliff_08.json",
                        "weight": [
                            1,
                            1,
                            1,
                            1
                        ],
                        "proj": "BP_Bend",
                        "op": "BO_Add",
                        "transform": [
                            -0.5046082735061646,
                            -0.6758668422698975,
                            0.5371912717819214,
                            291.4241027832031,
                            0.4043979346752167,
                            -0.7347724437713623,
                            -0.5445839762687683,
                            -295.4346008300781,
                            0.762779712677002,
                            -0.057562559843063354,
                            0.6440913081169128,
                            349.41693115234375
                        ],
                        "scale": [
                            1,
                            1,
                            1
                        ],
                        "rotation": 2.424682140350342,
                        "position": [
                            291.4241027832031,
                            -295.4346008300781,
                            349.4169921875
                        ],
                        "height": 542.4959106445312,
                        "weightHard": false,
                        "weightScale": [
                            1,
                            1,
                            1
                        ],
                        "mirrored": false,
                        "twinId": 22,
                        "flooded": false,
                        "pathable": false,
                        "mergeable": false,
                        "no_features": false
                    },
                    {
                        "spec": "/pa/terrain/ice/brushes/ice_cliff_06.json",
                        "weight": [
                            1,
                            1,
                            1,
                            1
                        ],
                        "proj": "BP_Bend",
                        "op": "BO_Add",
                        "transform": [
                            0.14284512400627136,
                            -0.5794438719749451,
                            -0.8023963570594788,
                            -438.0987243652344,
                            0.7709691524505615,
                            -0.44323480129241943,
                            0.45732855796813965,
                            249.69586181640625,
                            -0.6206462383270264,
                            -0.6839500069618225,
                            0.383419394493103,
                            209.3423614501953
                        ],
                        "scale": [
                            1,
                            1,
                            1
                        ],
                        "rotation": 1.7896754741668701,
                        "position": [
                            -438.0987854003906,
                            249.69590759277344,
                            209.34228515625
                        ],
                        "height": 545.9879150390625,
                        "weightHard": false,
                        "weightScale": [
                            1,
                            1,
                            1
                        ],
                        "mirrored": false,
                        "twinId": 23,
                        "flooded": false,
                        "pathable": false,
                        "mergeable": false,
                        "no_features": false
                    },
                    {
                        "spec": "/pa/terrain/ice/brushes/ice_cliff_01.json",
                        "weight": [
                            1,
                            1,
                            1,
                            1
                        ],
                        "proj": "BP_Bend",
                        "op": "BO_Add",
                        "transform": [
                            0.14019206166267395,
                            -0.9633346796035767,
                            -0.22876286506652832,
                            -129.0697479248047,
                            0.9899656772613525,
                            0.1322416514158249,
                            0.04979989305138588,
                            28.097476959228516,
                            -0.017721984535455704,
                            -0.23344893753528595,
                            0.9722075462341309,
                            548.52685546875
                        ],
                        "scale": [
                            1,
                            1,
                            1
                        ],
                        "rotation": 1.432216763496399,
                        "position": [
                            -129.0697479248047,
                            28.09747886657715,
                            548.5269165039062
                        ],
                        "height": 564.2075805664062,
                        "weightHard": false,
                        "weightScale": [
                            1,
                            1,
                            1
                        ],
                        "mirrored": false,
                        "twinId": 24,
                        "flooded": false,
                        "pathable": false,
                        "mergeable": false,
                        "no_features": false
                    },
                    {
                        "spec": "/pa/terrain/ice/brushes/ice_cliff_01.json",
                        "weight": [
                            1,
                            1,
                            1,
                            1
                        ],
                        "proj": "BP_Bend",
                        "op": "BO_Add",
                        "transform": [
                            0.28254401683807373,
                            -0.15280984342098236,
                            -0.9470047354698181,
                            -518.0226440429688,
                            -0.7515897750854492,
                            0.5781729221343994,
                            -0.3175355792045593,
                            -173.69566345214844,
                            0.5960550308227539,
                            0.8014768362045288,
                            0.04850894212722778,
                            26.534955978393555
                        ],
                        "scale": [
                            1,
                            1,
                            1
                        ],
                        "rotation": 5.67536735534668,
                        "position": [
                            -518.0226440429688,
                            -173.69566345214844,
                            26.534955978393555
                        ],
                        "height": 547.0116577148438,
                        "weightHard": false,
                        "weightScale": [
                            1,
                            1,
                            1
                        ],
                        "mirrored": false,
                        "twinId": 25,
                        "flooded": false,
                        "pathable": false,
                        "mergeable": false,
                        "no_features": false
                    },
                    {
                        "spec": "/pa/terrain/ice/brushes/ice_cliff_04.json",
                        "weight": [
                            1,
                            1,
                            1,
                            1
                        ],
                        "proj": "BP_Bend",
                        "op": "BO_Add",
                        "transform": [
                            0.5665528178215027,
                            -0.08661024272441864,
                            -0.8194612264633179,
                            -446.8555908203125,
                            0.6947588324546814,
                            0.5849414467811584,
                            0.4185136556625366,
                            228.21722412109375,
                            0.44308924674987793,
                            -0.8064380288124084,
                            0.391573429107666,
                            213.526611328125
                        ],
                        "scale": [
                            1,
                            1,
                            1
                        ],
                        "rotation": 0.5961979627609253,
                        "position": [
                            -446.8555908203125,
                            228.21722412109375,
                            213.5266571044922
                        ],
                        "height": 545.3041381835938,
                        "weightHard": false,
                        "weightScale": [
                            1,
                            1,
                            1
                        ],
                        "mirrored": false,
                        "twinId": 26,
                        "flooded": false,
                        "pathable": false,
                        "mergeable": false,
                        "no_features": false
                    },
                    {
                        "spec": "/pa/terrain/ice/brushes/ice_cliff_03.json",
                        "weight": [
                            1,
                            1,
                            1,
                            1
                        ],
                        "proj": "BP_Bend",
                        "op": "BO_Add",
                        "transform": [
                            0.1959632933139801,
                            -0.21460124850273132,
                            -0.9568410515785217,
                            -522.4544067382812,
                            0.9402728080749512,
                            0.3181062340736389,
                            0.12122491002082825,
                            66.19123840332031,
                            0.27836209535598755,
                            -0.9234471917152405,
                            0.264120876789093,
                            144.21530151367188
                        ],
                        "scale": [
                            1,
                            1,
                            1
                        ],
                        "rotation": 1.1519993543624878,
                        "position": [
                            -522.4544067382812,
                            66.19123077392578,
                            144.21527099609375
                        ],
                        "height": 546.0200805664062,
                        "weightHard": false,
                        "weightScale": [
                            1,
                            1,
                            1
                        ],
                        "mirrored": false,
                        "twinId": 27,
                        "flooded": false,
                        "pathable": false,
                        "mergeable": false,
                        "no_features": false
                    },
                    {
                        "spec": "/pa/terrain/ice/brushes/ice_cliff_03.json",
                        "weight": [
                            1,
                            1,
                            1,
                            1
                        ],
                        "proj": "BP_Bend",
                        "op": "BO_Add",
                        "transform": [
                            -0.18734906613826752,
                            -0.14545400440692902,
                            -0.9714644551277161,
                            -537.3562622070312,
                            -0.4675402045249939,
                            -0.856563150882721,
                            0.21841633319854736,
                            120.81490325927734,
                            -0.8638902306556702,
                            0.4951188266277313,
                            0.0924706980586052,
                            51.1492805480957
                        ],
                        "scale": [
                            1,
                            1,
                            1
                        ],
                        "rotation": 3.440863609313965,
                        "position": [
                            -537.3563232421875,
                            120.8149185180664,
                            51.149322509765625
                        ],
                        "height": 553.140380859375,
                        "weightHard": false,
                        "weightScale": [
                            1,
                            1,
                            1
                        ],
                        "mirrored": false,
                        "twinId": 29,
                        "flooded": false,
                        "pathable": false,
                        "mergeable": false,
                        "no_features": false
                    },
                    {
                        "spec": "/pa/terrain/ice/brushes/ice_cliff_02.json",
                        "weight": [
                            1,
                            1,
                            1,
                            1
                        ],
                        "proj": "BP_Bend",
                        "op": "BO_Add",
                        "transform": [
                            0.18833959102630615,
                            0.13968336582183838,
                            -0.9721196293830872,
                            -530.8629760742188,
                            -0.9720938205718994,
                            -0.1144503727555275,
                            -0.20477986335754395,
                            -111.82785034179688,
                            -0.1398637890815735,
                            0.9835596084594727,
                            0.11422979831695557,
                            62.37953567504883
                        ],
                        "scale": [
                            1,
                            1,
                            1
                        ],
                        "rotation": 4.778751850128174,
                        "position": [
                            -530.863037109375,
                            -111.82785034179688,
                            62.37949752807617
                        ],
                        "height": 546.088134765625,
                        "weightHard": false,
                        "weightScale": [
                            1,
                            1,
                            1
                        ],
                        "mirrored": false,
                        "twinId": 31,
                        "flooded": false,
                        "pathable": false,
                        "mergeable": false,
                        "no_features": false
                    },
                    {
                        "spec": "/pa/terrain/ice/brushes/ice_cliff_02.json",
                        "weight": [
                            1,
                            1,
                            1,
                            1
                        ],
                        "proj": "BP_Bend",
                        "op": "BO_Add",
                        "transform": [
                            0.3670746982097626,
                            0.7414073944091797,
                            0.5617572665214539,
                            304.7047119140625,
                            -0.649933397769928,
                            0.6364705562591553,
                            -0.415321409702301,
                            -225.2759246826172,
                            -0.6654642820358276,
                            -0.2126508206129074,
                            0.715497612953186,
                            388.09552001953125
                        ],
                        "scale": [
                            1,
                            1,
                            1
                        ],
                        "rotation": 5.337254047393799,
                        "position": [
                            304.7047119140625,
                            -225.27593994140625,
                            388.0955505371094
                        ],
                        "height": 542.4134521484375,
                        "weightHard": false,
                        "weightScale": [
                            1,
                            1,
                            1
                        ],
                        "mirrored": false,
                        "twinId": 33,
                        "flooded": false,
                        "pathable": false,
                        "mergeable": false,
                        "no_features": false
                    },
                    {
                        "spec": "/pa/terrain/ice/brushes/ice_cliff_04.json",
                        "weight": [
                            1,
                            1,
                            1,
                            1
                        ],
                        "proj": "BP_Bend",
                        "op": "BO_Add",
                        "transform": [
                            -0.3362187147140503,
                            0.973794162273407,
                            0.20293287932872772,
                            108.180908203125,
                            0.06633422523736954,
                            -0.19178515672683716,
                            1.030202865600586,
                            549.1878662109375,
                            0.9925001263618469,
                            0.34269994497299194,
                            -0.00010864734213100746,
                            -0.057918500155210495
                        ],
                        "scale": [
                            1.0499999523162842,
                            1.0499999523162842,
                            1.0499999523162842
                        ],
                        "rotation": 4.185423374176025,
                        "position": [
                            107.4078369140625,
                            545.2633666992188,
                            -0.0575714111328125
                        ],
                        "height": 559.741455078125,
                        "weightHard": false,
                        "weightScale": [
                            1,
                            1,
                            1
                        ],
                        "mirrored": false,
                        "twinId": 34,
                        "flooded": false,
                        "pathable": false,
                        "mergeable": false,
                        "no_features": false
                    },
                    {
                        "spec": "/pa/terrain/ice/brushes/ice_cliff_03.json",
                        "weight": [
                            1,
                            1,
                            1,
                            1
                        ],
                        "proj": "BP_Bend",
                        "op": "BO_Add",
                        "transform": [
                            0.5144025087356567,
                            -0.682360827922821,
                            0.519397497177124,
                            281.85205078125,
                            0.835502564907074,
                            0.26233914494514465,
                            -0.4828183650970459,
                            -262.0023193359375,
                            0.1931980401277542,
                            0.6823209524154663,
                            0.7050621509552002,
                            382.60333251953125
                        ],
                        "scale": [
                            1,
                            1,
                            1
                        ],
